53
82
50
62
91
84
67
71
74
78
80
74
52
61
87
70
53
41
56
66
63
74
48
50
76
61
84
56
43
64
67
53
64
62
39
60
49
41
60
38
73
81
63
81
55
44
67
75
69
83
73
54
71
65
56
65
76
80
51
90
84
86
85
74
89
64
88
80
67
64
73
92
49
66
49
64
62
50
79
46
45
74
61
66
79
34
50
29
68
65
48
78
58
68
71
74
59
87
67
56
81
82
73
59
59
60
83
78
66
75
62
74
60
68
65
70
65
75
61
62
81
77
66
80
80
66
79
63
66
79
61
85
62
70
62
85
61
65
61
65
83
64
75
72
73
64
76
78
69
45
76
38
94
65
43
66
60
91
81
26
77
76
58
74
60
96
75
60
59
83
87
56
63
59
26
68
65
77
73
60
66
79
79
53
88
97
66
38
82
87
72
0
82
63
67
93
88
39
61
32
38
59
59
45
43
77
73
53
75
89
85
79
60
63
82
66
73
78
82
62
62
84
88
68
79
66
76
63
57
90
69
57
71
51
78
82
77
46
70
72
71
77
92
81
65
73
68
82
63
79
60
44
54
62
57
60
69
38
78
75
67
51
71
80
84
90
56
75
64
92
47
74
67
62
77
84
65
81
51
35
82
85
54
72
80
27
65
99
69
70
85
70
64
64
68
61
72
54
60
75
44
61
60
40
64
84
80
50
38
52
61
76
68
77
58
55
61
59
65
52
40
87
70
67
71
52
60
46
69
59
52
68
63
74
85
79
13
75
79
78
65
53
82
89
64
45
81
47
79
48
75
85
69
67
63
64
51
71
69
66
61
52
32
83
53
66
74
63
72
67
64
64
57
66
79
37
63
47
57
64
76
56
55
64
56
38
48
59
74
71
72
86
50
69
74
87
50
56
70
87
75
62
64
40
78
80
54
66
68
62
56
51
36
43
65
52
62
45
59
79
73
46
55
64
69
63
58
62
81
38
56
57
53
62
53
51
81
64
62
82
69
61
53
81
69
77
54
83
65
88
78
58
64
61
71
75
64
87
74
50
70
94
67
77
57
50
75
67
99
81
76
73
74
49
77
72
78
42
50
69
71
97
64
65
59
42
48
80
52
63
48
61
97
63
73
90
88
99
68
63
66
34
37
90
71
71
67
47
56
68
28
67
77
43
30
87
77
70
79
88
77
68
70
64
52
69
60
52
49
85
42
84
89
85
72
57
72
62
51
75
81
68
49
64
73
46
68
63
48
74
61
52
72
70
50
76
72
73
57
67
68
53
63
78
70
67
63
76
61
48
41
79
50
57
74
74
55
56
71
77
55
43
43
68
62
43
71
60
53
47
70
69
57
53
46
67
55
74
52
91
67
67
45
85
53
57
85
74
53
73
66
57
28
70
59
51
70
72
84
58
69
40
53
54
66
77
28
68
80
69
50
94
72
85
79
69
47
52
73
79
52
55
71
72
73
80
79
62
56
85
87
88
69
62
65
71
45
65
69
65
52
55
68
65
51
70
73
34
53
69
43
71
66
75
33
65
65
56
69
47
40
85
77
67
67
73
57
51
59
49
50
7
73
62
59
68
75
70
52
42
72
50
47
76
69
42
65
68
65
56
55
62
71
69
20
90
79
80
90
59
60
69
69
62
60
62
52
71
70
72
60
73
52
90
56
68
61
42
57
64
59
75
60
27
57
87
80
67
60
46
73
73
67
66
68
82
70
97
56
63
44
71
79
51
43
69
95
87
77
63
39
69
50
83
55
63
70
46
93
73
69
61
72
55
63
68
61
59
77
52
58
56
80
78
70
73
49
57
56
68
69
79
66
52
83
45
69
86
50
51
45
64
72
72
47
73
83
55
78
67
77
48
60
86
45
77
52
76
88
69
47
63
77
86
81
58
79
68
65
68
84
69
59
79
65
66
55
60
65
20
79
50
94
83
36
58
63
71
66
64
17
77
66
77
63
60
42
49
40
64
63
39
92
77
55
64
52
79
57
65
64
74
61
53
47
93
60
55
66
77
74
54
58
59
73
81
48
64
60
59
69
80
68
53
69
51
54
56
68
61
74
61
61
77
45
84
84
67
80
64
58
59
79
66
83
66
62
77
70
28
60
63
74
68
77
88
74
69
81
61
40
64
72
55
76
75
70
54
60
65
67
41
59
67
72
68
46
49
61
64
73
62
67
54
85
56
65
65
73
58
86
58
86
57
74
62
77
51
45
72
60
72
91
76
68
49
66
81
73
46
50
64
59
60
59
61
33
74
55
68
78
59
72
63
68
64
76
85
79
69
74
90
58
83
70
85
68
32
64
66
74
89
7
4
51
67
45
74
78
75
88
84
77
47
67
59
85
49
76
53
62
61
40
61
63
52
82
78
40
37
69
55
75
51
63
81
82
73
85
75
72
71
44
89
60
60
81
60
74
76
92
71
78
67
72
60
36
44
54
68
77
85
50
81
72
77
69
87
52
61
81
65
58
61
77
69
71
79
54
55
65
75
43
72
70
67
67
65
72
73
91
47
71
51
66
59
68
68
65
67
64
95
77
66
76
31
56
65
67
62
75
56
40
66
90
77
80
64
56
64
63
3
63
99
70
76
80
81
76
46
84
37
79
75
80
86
69
74
73
88
66
66
50
77
77
66
53
82
86
65
74
80
60
62
65
30
84
70
80
99
58
71
89
73
67
83
89
73
45
90
43
85
58
89
37
5
58
69
53
48
71
91
82
72
82
63
86
78
45
74
82
86
49
65
21
65
75
58
35
63
91
73
44
63
43
85
68
80
46
46
59
73
65
66
83
72
66
76
43
64
81
74
64
39
87
76
67
58
57
57
57
64
72
75
58
56
68
80
75
34
60
77
61
76
60
74
81
74
66
75
63
82
57
59
55
59
61
56
64
72
86
62
65
54
61
80
63
57
70
54
82
80
60
84
75
78
79
76
58
67
68
38
75
71
45
85
54
42
61
84
78
51
68
87
69
70
63
62
78
64
77
53
44
72
73
83
63
54
58
87
75
72
45
64
84
79
80
52
74
69
92
72
73
66
84
54
79
73
67
71
74
89
78
72
69
61
82
70
25
68
28
75
67
67
94
60
68
