   0.1733239   0.5475007   0.3725943   0.1661505   0.2718327   0.3541870   0.2723087   0.3435827   0.1421361   0.0734749   0.0566762   0.0573646   0.0340396   0.0193994   0.0049243   0.0044534
   0.3380543   0.3351007   0.5128282   0.3435827   0.0742314   0.2733784   0.3280346   0.5790453   0.3435827   0.1119908   0.0592189   0.0572995   0.0398379   0.0182895   0.0073870   0.0041291
   0.2420498   0.5529553   0.4788095   0.5790453   0.3435827   0.0721283   0.1734093   0.5436757   0.5790453   0.3435827   0.1119908   0.0313224   0.0193737   0.0188223   0.0101602   0.0048379
   0.1246675   0.2202347   0.3990012   0.5436757   0.5790453   0.3435827   0.0363098   0.3762080   0.5436757   0.5790453   0.3435827   0.1119908   0.0230447   0.0136391   0.0053438   0.0040756
   0.2431135   0.1215917   0.1248411   0.3762080   0.5436757   0.5790453   0.3435827   0.0248123   0.3762080   0.5436757   0.5790453   0.3435827   0.1119908   0.0078231   0.0036533   0.0027133
   0.4425417   0.2323643   0.0741276   0.1070348   0.3762080   0.5436757   0.5790453   0.3435827   0.0180371   0.3762080   0.5436757   0.5790453   0.3435827   0.1119908   0.0017423   0.0026862
   0.3654781   0.5534891   0.3435827   0.0490190   0.0611566   0.3762080   0.5436757   0.5790453   0.3435827   0.0176974   0.3762080   0.5436757   0.5790453   0.3435827   0.1119908   0.0026891
   0.3611208   0.6359349   0.5790453   0.3435827   0.0331292   0.0435596   0.3762080   0.5436757   0.5790453   0.3435827   0.0173263   0.3762080   0.5436757   0.5790453   0.3435827   0.0189132
   0.2419221   0.4722150   0.5436757   0.5790453   0.3435827   0.0339312   0.0537591   0.3762080   0.5436757   0.5790453   0.3435827   0.0066198   0.3762080   0.5436757   0.5790453   0.3435827
   0.1175200   0.2659940   0.3762080   0.5436757   0.5790453   0.3435827   0.0218520   0.0510143   0.3762080   0.5436757   0.5790453   0.3435827   0.0086670   0.3762080   0.5436757   0.5790453
   0.1324900   0.1410756   0.2451122   0.3762080   0.5436757   0.5790453   0.3435827   0.0240059   0.0415805   0.3762080   0.5436757   0.5790453   0.3435827   0.0049784   0.3762080   0.5436757
   0.1860565   0.5790453   0.1447393   0.1967459   0.3762080   0.5436757   0.5790453   0.3435827   0.0200600   0.0586294   0.3762080   0.5436757   0.5790453   0.3435827   0.0029728   0.3762080
   0.2151863   0.5436757   0.5790453   0.1302869   0.0952818   0.3762080   0.5436757   0.5790453   0.3435827   0.0234218   0.0449297   0.3762080   0.5436757   0.5790453   0.3435827   0.0020445
   0.1152978   0.1485619   0.5436757   0.5790453   0.0651558   0.0743956   0.3762080   0.5436757   0.5790453   0.3435827   0.0238112   0.0454416   0.3762080   0.5436757   0.5790453   0.0069301
   0.0557429   0.1751557   0.1559377   0.5436757   0.5790453   0.0599270   0.0623164   0.3762080   0.5436757   0.5790453   0.0473510   0.0214013   0.0500254   0.3762080   0.5436757   0.0512910
   0.0650990   0.0799843   0.1552029   0.1358526   0.5436757   0.0268292   0.0425539   0.1245256   0.3762080   0.5436757   0.0870546   0.0388492   0.0145461   0.0485152   0.3762080   0.0380039

