121819
130227
137012
140953
143425
136956
134131
137940
139664
137895
129160
134868
139358
134340
130566
128728
130783
144447
155998
151530
166385
170699
170966
169877
174217
174553
161218
156348
163942
169832
163509
150587
152663
147573
152975
152377
146239
141675
138994
137101
137535
135458
133405
129093
123205
119868
114684
112860
108219
107636
103407
101946
99238
94407
91179
87121
84527
84986
82889
75348
73374
70596
69816
67181
64655
59587
54560
54248
49853
48725
46115
41255
39885
36122
33744
32517
27490
28617
26046
23950
22568
20884
19418
17320
15970
14571
12618
12275
9731
8555
7209
5598
4737
3588
2814
2255
1653
1337
778
536
359
234
164
105
62
50
21
13
6
6
6
3
0
0
1
1
